4294967279,259
4294967278,259
15,4
15,3
15,2
15,1
4294967294,1596
14,4
14,3
14,2
14,1
4294967294,1605
13,4
13,3
13,2
13,1
4294967294,1668
12,5
12,4
12,3
12,2
12,1
4294967294,1595
4294967294,1091
4294967294,1330
4294967294,114
11,5
11,4
11,3
11,2
11,1
4294967278,224
4294967279,222
4294967278,218
10,4
10,3
10,2
10,1
4294967294,997
9,4
9,3
9,2
9,1
0,7
4294967294,257
4294967294,1129
4294967294,96
4294967294,94
4294967294,7
4294967294,6
4294967279,198
0,5
4294967294,12
4294967294,472
4294967294,50
4294967294,81
4294967294,116
4294967294,1429
4294967294,984
4294967294,983
4294967294,11
4294967294,36
4294967294,39
4294967294,387
4294967294,113
4294967294,161
4294967294,981
4294967294,979
4294967294,5
4294967294,22
4294967294,17
4294967294,42
4294967294,76
4294967294,41
4294967294,470
4294967294,67
4294967294,68
4294967293,131
4294967293,130
4294967293,129
4294967293,128
4294967293,127
4294967293,126
4294967293,125
4294967293,124
4294967293,123
4294967293,122
4294967293,121
4294967293,120
4294967293,119
4294967293,118
4294967293,117
4294967293,116
4294967293,115
4294967293,114
4294967293,113
4294967293,112
4294967293,111
4294967293,110
4294967293,109
4294967293,108
4294967293,107
4294967293,106
4294967293,105
4294967293,104
4294967293,103
4294967293,102
4294967293,101
4294967293,100
4294967293,99
4294967293,98
4294967293,97
4294967293,96
4294967293,95
4294967293,94
4294967293,93
4294967293,92
4294967293,91
4294967293,90
4294967293,89
4294967293,87
4294967293,86
4294967293,85
4294967293,84
4294967293,83
4294967293,82
4294967293,81
4294967293,80
4294967293,79
4294967293,78
4294967293,77
4294967293,76
4294967293,75
4294967293,74
4294967293,73
4294967293,72
4294967293,71
4294967293,70
4294967293,69
4294967293,68
4294967293,67
4294967293,66
4294967293,65
4294967293,64
4294967293,63
4294967293,62
4294967293,61
4294967293,60
4294967293,59
4294967293,58
4294967293,57
4294967293,56
4294967293,55
4294967293,54
4294967293,53
4294967293,52
4294967293,51
4294967293,50
4294967293,49
4294967293,48
4294967293,47
4294967293,46
4294967293,45
4294967293,44
4294967293,43
4294967293,42
4294967293,41
4294967293,40
4294967293,39
4294967293,38
4294967293,37
4294967293,36
4294967293,35
4294967293,34
4294967293,33
4294967293,32
4294967293,31
4294967293,30
4294967293,29
4294967293,28
4294967293,27
4294967293,26
4294967293,25
4294967293,24
4294967293,23
4294967293,22
4294967293,21
4294967293,20
4294967293,19
4294967293,18
4294967293,17
4294967293,16
4294967293,15
4294967293,14
4294967293,13
4294967293,12
4294967293,11
4294967293,10
4294967293,9
4294967293,8
4294967293,7
4294967293,6
4294967293,5
4294967293,4
4294967293,3
4294967278,107
4294967278,2
4294967278,96
4294967278,95
4294967278,94
4294967278,93
4294967278,91
4294967278,90
4294967278,87
4294967278,86
4294967278,85
4294967278,84
4294967278,83
4294967278,82
4294967278,80
4294967278,79
4294967278,60
4294967278,59
4294967278,58
4294967278,294
4294967278,57
4294967278,56
4294967278,55
4294967278,53
4294967278,52
4294967278,522
4294967278,51
4294967278,49
4294967278,48
4294967278,46
4294967278,282
4294967278,45
4294967278,44
4294967278,43
4294967278,42
4294967278,41
4294967278,40
4294967278,39
4294967278,38
4294967278,37
4294967278,36
4294967278,35
4294967278,34
4294967278,33
4294967278,32
4294967278,31
4294967278,30
4294967278,29
4294967278,28
4294967278,27
4294967278,26
4294967278,25
4294967278,24
4294967278,23
4294967278,22
4294967278,21
4294967278,20
4294967278,19
4294967278,18
4294967278,88
4294967278,174
4294967278,0
4294967278,260
4294967279,107
4294967279,91
4294967279,81
4294967279,302
4294967279,60
4294967279,300
4294967279,59
4294967279,58
4294967279,56
4294967279,55
4294967279,54
4294967279,53
4294967279,401
4294967279,325
4294967279,52
4294967279,50
4294967279,49
4294967279,48
4294967279,293
4294967279,46
4294967279,45
4294967279,40
4294967279,39
4294967279,35
4294967279,30
4294967279,346
4294967279,174
4294967279,88
4294967279,0
4294967279,260
4294967294,1438
4294967294,1444
4294967294,104
4294967294,106
4294967278,297
4294967279,403
4294967278,295
4294967279,299
4294967294,1677
4294967294,1671
4294967294,275
4294967294,924
4294967294,902
4294967294,178
4294967294,478
4294967294,502
4294967294,952
4294967294,925
4294967294,1673
4294967294,1675
4294967294,1420
4294967294,115
4294967294,227
4294967294,225
4294967294,156
4294967294,223
4294967294,221
4294967294,220
4294967294,216
4294967294,215
4294967294,214
4294967294,213
4294967294,212
4294967294,211
4294967294,207
4294967294,199
4294967294,136
4294967294,829
4294967294,152
4294967294,825
4294967294,153
4294967294,823
4294967294,821
4294967294,820
4294967294,813
4294967294,802
4294967294,788
4294967294,143
4294967294,149
4294967294,782
4294967294,781
4294967294,780
4294967294,778
4294967294,777
4294967294,776
4294967294,773
4294967294,562
4294967294,766
4294967294,762
4294967294,760
4294967294,133
4294967294,756
4294967294,755
4294967294,754
4294967294,145
4294967294,72
4294967294,744
4294967294,741
4294967294,71
4294967294,736
4294967294,734
4294967294,70
4294967294,733
4294967294,730
4294967294,728
4294967294,727
4294967294,1572
4294967294,722
4294967294,721
4294967294,718
4294967294,716
4294967294,710
4294967294,702
4294967294,697
4294967294,692
4294967294,689
4294967294,688
4294967294,680
4294967294,678
4294967294,655
4294967294,652
4294967294,1570
4294967294,651
4294967294,650
4294967294,649
4294967294,648
4294967294,132
4294967294,639
4294967294,1571
4294967294,258
4294967294,638
4294967294,624
4294967294,1569
4294967294,623
4294967294,256
4294967294,622
4294967294,1568
4294967294,312
4294967294,602
4294967294,587
4294967294,51
4294967294,579
4294967294,578
4294967294,1134
4294967294,576
4294967294,99
1,0
4294967294,564
4294967294,107
4294967294,559
4294967294,1567
4294967294,282
4294967294,991
4294967294,1566
4294967294,1439
4294967294,287
4294967294,1151
4294967294,1564
4294967294,1322
4294967294,83
4294967294,1565
4294967294,271
4294967294,953
4294967294,1563
4294967294,1287
4294967294,1669
4294967294,1562
4294967294,167
4294967294,1133
4294967294,1126
4294967294,8
4294967294,417
4294967294,1621
4294967294,24
4294967294,1419
4294967294,1604
4294967294,1561
4294967294,1092
4294967294,987
4294967294,2
4294967294,46
4294967294,1130
4294967294,53
4294967294,9
4294967279,291
4294967278,289
4294967278,307
4294967278,302
4294967278,520
4294967278,513
4294967278,316
4294967279,400
4294967278,342
4294967278,340
4294967279,399
4294967279,398
4294967278,341
4294967278,339
4294967294,1441
4294967294,1667
4294967294,1560
4294967294,1132
4294967294,1559
4294967294,1558
4294967294,1666
4294967294,1557
4294967294,1332
4294967294,1555
4294967294,1554
4294967294,1611
4294967294,990
4294967294,1417
4294967294,1089
4294967294,1615
4294967294,1549
4294967294,445
4294967294,1
4294967294,1131
4294967294,1120
4294967294,296
4294967294,1665
4294967294,26
4294967294,1548
4294967294,27
4294967294,1136
4294967294,44
4294967294,272
4294967294,901
4294967294,92
4294967294,91
4294967294,90
4294967294,88
4294967294,87
4294967294,86
4294967294,85
4294967294,45
4294967294,1547
4294967294,25
4294967294,29
4294967294,28
4294967294,1620
4294967294,989
4294967294,82
4294967294,1546
4294967294,1610
4294967294,1617
4294967294,1727
4294967294,1616
4294967294,43
4294967294,522
4294967294,3
4294967294,1618
4294967294,1619
4294967294,1545
4294967294,1544
4294967294,1471
4294967294,1408
4294967294,1467
4294967294,1613
4294967294,1608
4294967294,455
4294967294,520
4294967294,1538
4294967294,1536
4294967294,454
4294967294,1602
4294967294,1603
4294967294,1601
4294967294,536
4294967294,409
4294967294,446
4294967294,392
4294967294,1334
4294967294,1469
4294967294,1470
4294967294,1468
4294967294,1463
4294967294,1464
4294967294,1433
4294967294,515
4294967294,1461
4294967294,1456
4294967294,427
4294967294,444
4294967294,279
4294967294,1454
4294967294,1090
4294967294,432
4294967294,1123
4294967294,1138
4294967294,1137
4294967294,125
4294967294,1475
4294967294,1474
4294967294,1473
4294967294,1472
4294967294,383
4294967294,381
4294967294,382
4294967294,380
4294967294,379
4294967294,378
4294967294,377
4294967294,376
4294967294,375
4294967294,374
4294967294,373
4294967294,372
4294967294,371
4294967279,296
4294967278,514
4294967278,318
4294967279,314
4294967278,314
4294967279,287
4294967279,225
4294967278,337
4294967279,397
4294967279,301
4294967279,317
4294967278,317
4294967279,313
4294967278,338
4294967279,395
4294967279,394
4294967278,336
4294967278,335
4294967278,333
4294967279,393
4294967279,392
4294967278,517
4294967279,396
4294967279,309
4294967278,334
4294967278,313
4294967279,295
4294967279,323
4294967279,157
4294967294,1421
4294967294,414
4294967294,452
4294967294,1670
4294967294,418
4294967294,448
4294967294,391
4294967294,1118
4294967294,422
4294967294,398
4294967294,405
4294967294,402
4294967294,406
4294967294,400
4294967294,403
4294967294,410
4294967294,413
4294967294,415
4294967294,451
4294967294,450
4294967294,191
4294967294,181
4294967294,419
4294967294,1663
4294967294,175
4294967294,1415
4294967294,169
4294967294,188
4294967294,185
4294967294,907
4294967294,1661
4294967294,177
4294967294,182
4294967294,973
4294967294,974
4294967294,971
4294967294,1139
4294967294,970
4294967294,972
4294967294,174
4294967294,176
4294967294,84
4294967294,172
4294967294,171
4294967294,370
4294967294,369
4294967294,368
4294967294,367
4294967294,366
4294967294,364
4294967294,365
4294967294,363
4294967294,362
4294967294,361
4294967294,360
4294967294,359
4294967294,358
4294967294,357
4294967294,356
4294967294,355
4294967294,354
4294967278,311
4294967294,183
4294967294,384
4294967294,173
4294967294,170
4294967294,163
4294967294,164
4294967294,190
4294967294,160
4294967294,389
4294967294,390
4294967294,1662
4294967294,52
4294967294,441
4294967294,168
4294967294,353
4294967294,352
4294967294,351
4294967294,350
4294967294,349
4294967294,347
4294967294,348
4294967294,329
4294967294,328
4294967294,968
4294967294,327
4294967294,0
4294967294,326
